     45.50
     43.09
     47.61
     49.03
     44.48
     47.57
     46.82
     48.63
     47.99
     51.59
     47.76
     47.20
     49.51
     47.68
     46.72
     45.67
     46.27
     55.12
     53.70
     48.56
     45.77
     48.23
     47.19
     54.86
     46.49
     49.12
     52.26
     43.63
     47.66
     48.22
     48.05
     47.06
     43.55
     48.84
     46.46
     45.67
     42.33
     46.23
     44.18
     46.84
     47.27
     43.86
     45.08
     45.31
     44.79
     47.66
     46.36
     48.67
     45.93
     50.18
     48.44
     43.07
     44.46
     47.52
     48.89
     51.00
     44.49
     48.69
     46.06
     51.02


