   104.654
    98.573
   106.206
   104.291
   100.291
    96.496
   103.707
    99.388
    96.933
   104.711
    96.498
   100.631
    98.782
   102.830
    98.496
    94.801
    96.283
    98.929
    83.903
    98.103
    83.966
    89.873
    91.642
   100.554
    89.037
    96.125
    98.219
    92.438
    84.455
    97.490
   101.051
   100.146
   101.836
    94.145
    96.408
    95.106
    94.245
    97.543
   103.248
   103.429
   103.033
   100.299
   100.511
    90.858
    91.573
    89.083
    99.979
    97.275
    93.495
   104.738
    92.232
    92.597
    97.179
    97.828
    96.826
    97.243
    98.530
    94.794
    98.735
    94.203

