      0.29
      0.23
      0.33
      0.15
      0.34
      0.27
      0.18
      0.34
      0.26
      0.27
      0.28
      0.23
      0.29
      0.21
      0.25
      0.27
      0.25
      0.11
      0.24
      0.21
      0.17
      0.11
      0.04
      0.21
      0.10
      0.14
      0.40
      0.19
      0.17
      0.22
      0.30
      0.17
      0.25
      0.32
      0.26
      0.24
      0.23
      0.15
      0.17
      0.23
      0.25
      0.22
      0.25
      0.14
      0.29
      0.24
      0.14
      0.25
      0.15
      0.29
      0.18
      0.15
      0.20
      0.20
      0.19
      0.31
      0.28
      0.35
      0.25
      0.25

